detected outliers of Noise Level: 
[3287, 9353, 392, 9354, 7588, 8251, 6282, 6641, 3185, 9205, 1991, 8273, 6183, 6969, 5303, 6437, 1192, 6014, 1392, 7546, 7595, 1976, 7037, 5579, 5852, 7569, 1193, 8845, 7223, 1416, 4614, 5801, 5386, 5375, 7057, 5480, 5377, 5249, 5177, 7994, 6219, 6653, 7548, 4764, 8253, 6317, 9895, 1221, 5686, 5587, 4760, 6193, 5300, 6191, 7250, 6450, 6301, 8033, 6323, 5388, 3629, 90]

detected outliers of Blurriness Score: 
[4657, 850]

detected outliers of Blurriness Score with Gaussian Filter: 
[2498, 2491, 2492, 7172, 2665]

detected outliers of Average Intensity: 
[7172, 2665]

detected outliers of Darkness Level: 
[6664, 1621, 6710, 2665]

detected outliers of Dominant Intensity: 
[9958, 9919, 1254, 1598, 1734, 9956, 8670, 2403, 1123, 2441, 2614, 2636, 6883, 6434, 5068, 3992, 3012, 6906, 910, 3173, 381, 368, 203, 224, 9955, 298, 9951, 603, 2159, 7949, 364, 2632, 9946, 6899, 6908, 5062, 5053, 3038, 3078, 2640, 899, 9920, 378, 763, 9902, 1497, 739, 1726, 8050, 1834, 9925, 1909, 9321, 8961, 384, 1880, 1900, 6878, 6904, 9355, 3910, 8525, 3888, 9922, 198, 3882, 2709, 2666, 2854, 2869, 2871, 2637, 2613, 2445, 787, 615, 315, 3008, 3011, 310, 239, 1260, 2844, 2393, 6800, 7464, 3551, 3132, 6135, 4777, 9123, 8290, 8005, 7905, 6723, 1439, 9155, 2002, 8818, 6504, 8500, 4925, 2399, 7505, 4962, 6965, 7904, 5721, 5045, 4160, 4198, 1165, 6113, 9557, 2695, 1990, 7868, 8887, 5040, 7582, 9173, 9339, 4838, 9361, 2481, 3145, 6901, 838, 4205, 8001, 2459, 3055, 6760, 8881]

detected outliers of Contrast Level: 
[392, 7172]

detected outliers of Motion Estimation: 
[5776, 5936, 7216, 7224, 6856, 5927, 6857]